20190200|201902INV02-000001|M02-000001|02/02/2019||01|0001|00065654||6|20563601745|AGENCIA DE PRODUCTOS SPEAKERS SAC|0.00|70.00|0.00|9.00|0.00|0.00|0.00|0.00|0.00|0.00|0.00|79.00||||||||||1|
20190200|201902INV02-000002|M02-000002|02/02/2019||01|0003|00010093||6|20556138428|ABASTECEDORA ALIMENTICIA SAC|0.00|23.00|0.00|4.14|0.00|0.00|0.00|0.00|0.00|0.00|0.00|27.14||||||||||1|
20190200|201902INV02-000003|M02-000003|02/02/2019||02|0022|0000002||6|20556138428|ABASTECEDORA ALIMENTICIA SAC|0.00|1200.00|0.00|216.00|0.00|0.00|0.00|0.00|0.00|0.00|0.00|1416.00||||||||||1|
20190200|201902INV02-000004|M02-000004|02/02/2019||01|0008|00721712||6|20556138428|ABASTECEDORA ALIMENTICIA SAC|0.00|4500.00|0.00|810.00|0.00|0.00|0.00|0.00|0.00|0.00|0.00|5310.00||||||||||1|
20190200|201902INV02-000006|M02-000006|11/02/2019||01|0011|00000022||6|20556138428|ABASTECEDORA ALIMENTICIA SAC|0.00|20.00|0.00|3.60|0.00|0.00|0.00|0.00|0.00|0.00|0.00|23.60||||||||||1|
20190200|201902INV02-000007|M02-000007|15/02/2019||01|0541|00000045||6|20550145660|GRUPO TEXTIL M& C |0.00|30.00|0.00|5.40|0.00|0.00|0.00|0.00|0.00|0.00|0.00|35.40||||||||||1|
20190200|201902INV02-000008|M02-000008|15/02/2019||01|0002|22222222||6|20100234671|FABRICA DE EMBUTIDOS LA ALEMANA S.A.C.|0.00|768.43|0.00|138.32|0.00|0.00|0.00|0.00|0.00|0.00|0.00|906.75|USD|6.111||||||||1|
20190200|201902INV02-000009|M02-000009|15/02/2019||01|8888888|77777777||6|20100234671|FABRICA DE EMBUTIDOS LA ALEMANA S.A.C.|0.00|768.43|0.00|138.32|0.00|0.00|0.00|0.00|0.00|0.00|0.00|906.75|USD|3.341||||||||1|
20190200|201902INV02-000010|M02-000010|15/02/2019||01|0000|11414141441||6|20110619236|FABRICA DE CALZADO TANGUIS SRL|0.00|550.20|0.00|99.04|0.00|0.00|0.00|0.00|0.00|0.00|0.00|649.24|USD|4.200||||||||1|
20190200|201902INV02-000011|M02-000011|15/02/2019||01|0000|2412412412||6|20563601745|AGENCIA DE PRODUCTOS SPEAKERS SAC|0.00|66.82|0.00|12.03|0.00|0.00|0.00|0.00|0.00|0.00|0.00|78.85|USD|3.341||||||||1|
20190200|201902INV02-000013|M02-000013|26/02/2019||01|0001|00000022||6|20556138428|ABASTECEDORA ALIMENTICIA SAC|0.00|20.00|0.00|3.60|0.00|0.00|0.00|0.00|0.00|0.00|0.00|23.60||||||||||1|
20190200|201902INV02-000014|M02-000014|26/02/2019||01|0001|00000002||6|20563601745|AGENCIA DE PRODUCTOS SPEAKERS SAC|0.00|1.00|0.00|0.18|0.00|0.00|0.00|0.00|0.00|0.00|0.00|1.18||||||||||1|
20190200|201902INV02-000018|M02-000018|01/02/2019||01|0001|00000005||||ANULADO|0.00|0|0.00|0.00|0.00|0.00|0.00|0.00|0.00|0.00|0.00|0||||||||||1|
20190200|201902INV02-000019|M02-000019|04/02/2019||01|0001|00000006||6|20110619236|FABRICA DE CALZADO TANGUIS SRL|0.00|1.00|0.00|0.18|0.00|0.00|0.00|0.00|0.00|0.00|0.00|1.18||||||||||1|
20190200|201902INV02-000020|M02-000020|11/02/2019||01|F005|00000097||6|10461193345|LUQUE LUNA JEAN PIERRE ANTHONI|0.00|250.00|0.00|45.00|0.00|0.00|0.00|0.00|0.00|0.00|0.00|295.00||||||||||1|
20190200|201902INV02-000021|M02-000021|22/02/2019||01|F005|00000102||6|10461193345|LUQUE LUNA JEAN PIERRE ANTHONI|0.00|750.00|0.00|135.00|0.00|0.00|0.00|0.00|0.00|0.00|0.00|885.00||||||||||1|
